74,79,46,2,19,27,31,90,21,83,94,77,0,29,38,72,42,23,6,62,45,95,41,55,93,69,39,17,12,1,20,53,49,71,61,13,88,25,87,26,50,58,28,51,89,64,3,80,36,65,57,92,52,86,98,78,9,33,44,63,16,34,97,60,40,66,75,4,7,84,22,43,11,85,91,32,48,14,18,76,8,47,24,81,35,30,82,67,37,70,15,5,73,59,54,68,56,96,99,10

61 96 92 39  0
35 25 50 22 60
 3 88 69 48 62
75 24 97 51 67
87 74 94 77 83

 1 70 59 40 55
42 88 10 17 80
27 24 82 45 23
 5 19 48 51 11
75 72 97 74  7

58 40 78 83 74
 4 94 17 63 62
55 61  5 27 69
99 84 89 81 59
64 28 91 49 97
